discret: 0.15015802383422852 s
quant: 0.01289 V